Sa 2. Dez 20:27:42 CET 2023
k10temp-pci-00c3
Adapter: PCI adapter
Tctl:         +62.6°C  
Tccd1:        +63.0°C  
Tccd2:        +60.0°C  
Tccd3:        +60.2°C  
Tccd4:        +58.0°C  
Tccd5:        +58.0°C  
Tccd6:        +59.8°C  
Tccd7:        +59.2°C  
Tccd8:        +59.2°C  

nvme-pci-4300
Adapter: PCI adapter
Composite:    +28.9°C  (low  = -273.1°C, high = +71.8°C)
                       (crit = +75.8°C)
Sensor 1:     +37.9°C  (low  = -273.1°C, high = +65261.8°C)
Sensor 2:     +29.9°C  (low  = -273.1°C, high = +65261.8°C)

nvme-pci-4400
Adapter: PCI adapter
Composite:    +28.9°C  (low  = -273.1°C, high = +71.8°C)
                       (crit = +75.8°C)
Sensor 1:     +37.9°C  (low  = -273.1°C, high = +65261.8°C)
Sensor 2:     +29.9°C  (low  = -273.1°C, high = +65261.8°C)

Durchschn.:  CPU    %usr   %nice    %sys %iowait    %irq   %soft  %steal  %guest  %gnice   %idle
Durchschn.:  all    1,50    0,00    0,08    0,00    0,00    0,00    0,00    0,00    0,00   98,42
Durchschn.:    0    0,00    0,00    0,00    0,00    0,00    0,00    0,00    0,00    0,00  100,00
Durchschn.:    1   95,05    0,00    4,95    0,00    0,00    0,00    0,00    0,00    0,00    0,00
Durchschn.:    2    0,00    0,00    0,00    0,00    0,00    0,00    0,00    0,00    0,00  100,00
Durchschn.:    3    0,00    0,00    0,00    0,00    0,00    0,00    0,00    0,00    0,00  100,00
Durchschn.:    4    0,00    0,00    0,00    0,00    0,00    0,00    0,00    0,00    0,00  100,00
Durchschn.:    5    0,00    0,00    0,00    0,00    0,00    0,00    0,00    0,00    0,00  100,00
Durchschn.:    6    0,00    0,00    0,00    0,00    0,00    0,00    0,00    0,00    0,00  100,00
Durchschn.:    7    0,00    0,00    0,00    0,00    0,00    0,00    0,00    0,00    0,00  100,00
Durchschn.:    8    0,00    0,00    0,00    0,00    0,00    0,00    0,00    0,00    0,00  100,00
Durchschn.:    9    0,00    0,00    0,00    0,00    0,00    0,00    0,00    0,00    0,00  100,00
Durchschn.:   10    0,00    0,00    0,00    0,00    0,00    0,00    0,00    0,00    0,00  100,00
Durchschn.:   11    0,00    0,00    0,00    0,00    0,00    0,00    0,00    0,00    0,00  100,00
Durchschn.:   12    0,00    0,00    0,00    0,00    0,00    0,00    0,00    0,00    0,00  100,00
Durchschn.:   13    0,00    0,00    0,00    0,00    0,00    0,00    0,00    0,00    0,00  100,00
Durchschn.:   14    0,00    0,00    0,00    0,00    0,00    0,00    0,00    0,00    0,00  100,00
Durchschn.:   15    0,00    0,00    0,00    0,00    0,00    0,00    0,00    0,00    0,00  100,00
Durchschn.:   16    0,00    0,00    0,00    0,00    0,00    0,00    0,00    0,00    0,00  100,00
Durchschn.:   17    0,00    0,00    0,00    0,00    0,00    0,00    0,00    0,00    0,00  100,00
Durchschn.:   18    0,00    0,00    0,00    0,00    0,00    0,00    0,00    0,00    0,00  100,00
Durchschn.:   19    0,00    0,00    0,00    0,00    0,00    0,00    0,00    0,00    0,00  100,00
Durchschn.:   20    0,00    0,00    0,00    0,00    0,00    0,00    0,00    0,00    0,00  100,00
Durchschn.:   21    0,00    0,00    0,00    0,00    0,00    0,00    0,00    0,00    0,00  100,00
Durchschn.:   22    0,00    0,00    0,00    0,00    0,00    0,00    0,00    0,00    0,00  100,00
Durchschn.:   23    0,00    0,00    0,00    0,00    0,00    0,00    0,00    0,00    0,00  100,00
Durchschn.:   24    0,00    0,00    0,00    0,00    0,00    0,00    0,00    0,00    0,00  100,00
Durchschn.:   25    0,00    0,00    0,00    0,00    0,00    0,00    0,00    0,00    0,00  100,00
Durchschn.:   26    0,00    0,00    0,00    0,00    0,00    0,00    0,00    0,00    0,00  100,00
Durchschn.:   27    0,00    0,00    0,00    0,00    0,00    0,00    0,00    0,00    0,00  100,00
Durchschn.:   28    0,00    0,00    0,00    0,00    0,00    0,00    0,00    0,00    0,00  100,00
Durchschn.:   29    0,00    0,00    0,00    0,00    0,00    0,00    0,00    0,00    0,00  100,00
Durchschn.:   30    0,00    0,00    0,00    0,00    0,00    0,00    0,00    0,00    0,00  100,00
Durchschn.:   31    0,00    0,00    0,00    0,00    0,00    0,00    0,00    0,00    0,00  100,00
Durchschn.:   32    0,00    0,00    0,00    0,00    0,00    0,00    0,00    0,00    0,00  100,00
Durchschn.:   33    0,00    0,00    0,00    0,00    0,00    0,00    0,00    0,00    0,00  100,00
Durchschn.:   34    0,00    0,00    0,00    0,00    0,00    0,00    0,00    0,00    0,00  100,00
Durchschn.:   35    0,00    0,00    0,00    0,00    0,00    0,00    0,00    0,00    0,00  100,00
Durchschn.:   36    0,00    0,00    0,00    0,00    0,00    0,00    0,00    0,00    0,00  100,00
Durchschn.:   37    0,00    0,00    0,00    0,00    0,00    0,00    0,00    0,00    0,00  100,00
Durchschn.:   38    0,00    0,00    0,00    0,00    0,00    0,00    0,00    0,00    0,00  100,00
Durchschn.:   39    0,00    0,00    0,00    0,00    0,00    0,00    0,00    0,00    0,00  100,00
Durchschn.:   40    0,00    0,00    0,00    0,00    0,00    0,00    0,00    0,00    0,00  100,00
Durchschn.:   41    0,00    0,00    0,00    0,00    0,00    0,00    0,00    0,00    0,00  100,00
Durchschn.:   42    0,00    0,00    0,00    0,00    0,00    0,00    0,00    0,00    0,00  100,00
Durchschn.:   43    0,00    0,00    0,00    0,00    0,00    0,00    0,00    0,00    0,00  100,00
Durchschn.:   44    0,00    0,00    0,00    0,00    0,00    0,00    0,00    0,00    0,00  100,00
Durchschn.:   45    0,00    0,00    0,00    0,00    0,00    0,00    0,00    0,00    0,00  100,00
Durchschn.:   46    0,00    0,00    0,00    0,00    0,00    0,00    0,00    0,00    0,00  100,00
Durchschn.:   47    0,00    0,00    0,00    0,00    0,00    0,00    0,00    0,00    0,00  100,00
Durchschn.:   48    0,00    0,00    0,00    0,00    0,00    0,00    0,00    0,00    0,00  100,00
Durchschn.:   49    0,00    0,00    0,00    0,00    0,00    0,00    0,00    0,00    0,00  100,00
Durchschn.:   50    0,00    0,00    0,00    0,00    0,00    0,00    0,00    0,00    0,00  100,00
Durchschn.:   51    0,00    0,00    0,00    0,00    0,00    0,00    0,00    0,00    0,00  100,00
Durchschn.:   52    0,00    0,00    0,00    0,00    0,00    0,00    0,00    0,00    0,00  100,00
Durchschn.:   53    0,00    0,00    0,00    0,00    0,00    0,00    0,00    0,00    0,00  100,00
Durchschn.:   54    0,00    0,00    0,00    0,00    0,00    0,00    0,00    0,00    0,00  100,00
Durchschn.:   55    0,00    0,00    0,00    0,00    0,00    0,00    0,00    0,00    0,00  100,00
Durchschn.:   56    0,00    0,00    0,00    0,00    0,00    0,00    0,00    0,00    0,00  100,00
Durchschn.:   57    0,00    0,00    0,00    0,00    0,00    0,00    0,00    0,00    0,00  100,00
Durchschn.:   58    0,00    0,00    0,00    0,00    0,00    0,00    0,00    0,00    0,00  100,00
Durchschn.:   59    0,00    0,00    0,00    0,00    0,00    0,00    0,00    0,00    0,00  100,00
Durchschn.:   60    0,00    0,00    0,00    0,00    0,00    0,00    0,00    0,00    0,00  100,00
Durchschn.:   61    0,00    0,00    0,00    0,00    0,00    0,00    0,00    0,00    0,00  100,00
Durchschn.:   62    0,00    0,00    0,00    0,00    0,00    0,00    0,00    0,00    0,00  100,00
Durchschn.:   63    0,00    0,00    0,00    0,00    0,00    0,00    0,00    0,00    0,00  100,00
__________


Sa 2. Dez 20:27:44 CET 2023
k10temp-pci-00c3
Adapter: PCI adapter
Tctl:         +62.6°C  
Tccd1:        +62.8°C  
Tccd2:        +59.5°C  
Tccd3:        +61.0°C  
Tccd4:        +57.5°C  
Tccd5:        +58.8°C  
Tccd6:        +59.8°C  
Tccd7:        +58.8°C  
Tccd8:        +59.0°C  

nvme-pci-4300
Adapter: PCI adapter
Composite:    +28.9°C  (low  = -273.1°C, high = +71.8°C)
                       (crit = +75.8°C)
Sensor 1:     +37.9°C  (low  = -273.1°C, high = +65261.8°C)
Sensor 2:     +29.9°C  (low  = -273.1°C, high = +65261.8°C)

nvme-pci-4400
Adapter: PCI adapter
Composite:    +28.9°C  (low  = -273.1°C, high = +71.8°C)
                       (crit = +75.8°C)
Sensor 1:     +37.9°C  (low  = -273.1°C, high = +65261.8°C)
Sensor 2:     +29.9°C  (low  = -273.1°C, high = +65261.8°C)

Durchschn.:  CPU    %usr   %nice    %sys %iowait    %irq   %soft  %steal  %guest  %gnice   %idle
Durchschn.:  all    1,53    0,00    0,05    0,00    0,00    0,00    0,00    0,00    0,00   98,42
Durchschn.:    0    0,00    0,00    0,00    0,00    0,00    0,00    0,00    0,00    0,00  100,00
Durchschn.:    1   98,00    0,00    2,00    0,00    0,00    0,00    0,00    0,00    0,00    0,00
Durchschn.:    2    0,00    0,00    0,00    0,00    0,00    0,00    0,00    0,00    0,00  100,00
Durchschn.:    3    0,00    0,00    0,00    0,00    0,00    0,00    0,00    0,00    0,00  100,00
Durchschn.:    4    0,00    0,00    0,00    0,00    0,00    0,00    0,00    0,00    0,00  100,00
Durchschn.:    5    0,00    0,00    0,00    0,00    0,00    0,00    0,00    0,00    0,00  100,00
Durchschn.:    6    0,00    0,00    0,00    0,00    0,00    0,00    0,00    0,00    0,00  100,00
Durchschn.:    7    0,00    0,00    0,00    0,00    0,00    0,00    0,00    0,00    0,00  100,00
Durchschn.:    8    0,00    0,00    0,00    0,00    0,00    0,00    0,00    0,00    0,00  100,00
Durchschn.:    9    0,00    0,00    0,00    0,00    0,00    0,00    0,00    0,00    0,00  100,00
Durchschn.:   10    0,00    0,00    0,00    0,00    0,00    0,00    0,00    0,00    0,00  100,00
Durchschn.:   11    0,00    0,00    0,00    0,00    0,00    0,00    0,00    0,00    0,00  100,00
Durchschn.:   12    0,00    0,00    0,00    0,00    0,00    0,00    0,00    0,00    0,00  100,00
Durchschn.:   13    0,00    0,00    0,00    0,00    0,00    0,00    0,00    0,00    0,00  100,00
Durchschn.:   14    0,00    0,00    0,00    0,00    0,00    0,00    0,00    0,00    0,00  100,00
Durchschn.:   15    0,00    0,00    0,00    0,00    0,00    0,00    0,00    0,00    0,00  100,00
Durchschn.:   16    0,00    0,00    0,00    0,00    0,00    0,00    0,00    0,00    0,00  100,00
Durchschn.:   17    0,00    0,00    0,00    0,00    0,00    0,00    0,00    0,00    0,00  100,00
Durchschn.:   18    0,00    0,00    0,00    0,00    0,00    0,00    0,00    0,00    0,00  100,00
Durchschn.:   19    0,00    0,00    0,00    0,00    0,00    0,00    0,00    0,00    0,00  100,00
Durchschn.:   20    0,00    0,00    0,00    0,00    0,00    0,00    0,00    0,00    0,00  100,00
Durchschn.:   21    0,00    0,00    0,00    0,00    0,00    0,00    0,00    0,00    0,00  100,00
Durchschn.:   22    0,00    0,00    0,00    0,00    0,00    0,00    0,00    0,00    0,00  100,00
Durchschn.:   23    0,00    0,00    0,00    0,00    0,00    0,00    0,00    0,00    0,00  100,00
Durchschn.:   24    0,00    0,00    0,00    0,00    0,00    0,00    0,00    0,00    0,00  100,00
Durchschn.:   25    0,00    0,00    0,00    0,00    0,00    0,00    0,00    0,00    0,00  100,00
Durchschn.:   26    0,00    0,00    0,00    0,00    0,00    0,00    0,00    0,00    0,00  100,00
Durchschn.:   27    0,00    0,00    0,00    0,00    0,00    0,00    0,00    0,00    0,00  100,00
Durchschn.:   28    0,00    0,00    0,00    0,00    0,00    0,00    0,00    0,00    0,00  100,00
Durchschn.:   29    0,00    0,00    0,00    0,00    0,00    0,00    0,00    0,00    0,00  100,00
Durchschn.:   30    0,00    0,00    0,00    0,00    0,00    0,00    0,00    0,00    0,00  100,00
Durchschn.:   31    0,00    0,00    0,00    0,00    0,00    0,00    0,00    0,00    0,00  100,00
Durchschn.:   32    0,00    0,00    0,00    0,00    0,00    0,00    0,00    0,00    0,00  100,00
Durchschn.:   33    0,00    0,00    0,00    0,00    0,00    0,00    0,00    0,00    0,00  100,00
Durchschn.:   34    0,00    0,00    0,00    0,00    0,00    0,00    0,00    0,00    0,00  100,00
Durchschn.:   35    0,00    0,00    0,00    0,00    0,00    0,00    0,00    0,00    0,00  100,00
Durchschn.:   36    0,00    0,00    0,00    0,00    0,00    0,00    0,00    0,00    0,00  100,00
Durchschn.:   37    0,00    0,00    0,00    0,00    0,00    0,00    0,00    0,00    0,00  100,00
Durchschn.:   38    0,00    0,00    0,00    0,00    0,00    0,00    0,00    0,00    0,00  100,00
Durchschn.:   39    0,00    0,00    0,00    0,00    0,00    0,00    0,00    0,00    0,00  100,00
Durchschn.:   40    0,00    0,00    0,00    0,00    0,00    0,00    0,00    0,00    0,00  100,00
Durchschn.:   41    0,00    0,00    0,00    0,00    0,00    0,00    0,00    0,00    0,00  100,00
Durchschn.:   42    0,00    0,00    0,00    0,00    0,00    0,00    0,00    0,00    0,00  100,00
Durchschn.:   43    0,00    0,00    0,00    0,00    0,00    0,00    0,00    0,00    0,00  100,00
Durchschn.:   44    0,00    0,00    0,00    0,00    0,00    0,00    0,00    0,00    0,00  100,00
Durchschn.:   45    0,00    0,00    0,00    0,00    0,00    0,00    0,00    0,00    0,00  100,00
Durchschn.:   46    0,00    0,00    0,00    0,00    0,00    0,00    0,00    0,00    0,00  100,00
Durchschn.:   47    0,00    0,00    0,00    0,00    0,00    0,00    0,00    0,00    0,00  100,00
Durchschn.:   48    0,00    0,00    0,00    0,00    0,00    0,00    0,00    0,00    0,00  100,00
Durchschn.:   49    0,00    0,00    0,00    0,00    0,00    0,00    0,00    0,00    0,00  100,00
Durchschn.:   50    0,00    0,00    0,00    0,00    0,00    0,00    0,00    0,00    0,00  100,00
Durchschn.:   51    0,00    0,00    0,00    0,00    0,00    0,00    0,00    0,00    0,00  100,00
Durchschn.:   52    0,00    0,00    0,00    0,00    0,00    0,00    0,00    0,00    0,00  100,00
Durchschn.:   53    0,00    0,00    0,00    0,00    0,00    0,00    0,00    0,00    0,00  100,00
Durchschn.:   54    0,00    0,00    0,00    0,00    0,00    0,00    0,00    0,00    0,00  100,00
Durchschn.:   55    0,00    0,00    0,00    0,00    0,00    0,00    0,00    0,00    0,00  100,00
Durchschn.:   56    0,00    0,00    0,00    0,00    0,00    0,00    0,00    0,00    0,00  100,00
Durchschn.:   57    0,00    0,00    0,00    0,00    0,00    0,00    0,00    0,00    0,00  100,00
Durchschn.:   58    0,00    0,00    0,00    0,00    0,00    0,00    0,00    0,00    0,00  100,00
Durchschn.:   59    0,00    0,00    0,00    0,00    0,00    0,00    0,00    0,00    0,00  100,00
Durchschn.:   60    0,00    0,00    0,00    0,00    0,00    0,00    0,00    0,00    0,00  100,00
Durchschn.:   61    0,00    0,00    0,00    0,00    0,00    0,00    0,00    0,00    0,00  100,00
Durchschn.:   62    0,00    0,00    0,00    0,00    0,00    0,00    0,00    0,00    0,00  100,00
Durchschn.:   63    0,00    0,00    1,00    0,00    0,00    0,00    0,00    0,00    0,00   99,00
__________


Sa 2. Dez 20:27:45 CET 2023
k10temp-pci-00c3
Adapter: PCI adapter
Tctl:         +62.6°C  
Tccd1:        +62.8°C  
Tccd2:        +59.2°C  
Tccd3:        +60.5°C  
Tccd4:        +58.2°C  
Tccd5:        +58.2°C  
Tccd6:        +60.5°C  
Tccd7:        +59.0°C  
Tccd8:        +60.0°C  

nvme-pci-4300
Adapter: PCI adapter
Composite:    +28.9°C  (low  = -273.1°C, high = +71.8°C)
                       (crit = +75.8°C)
Sensor 1:     +37.9°C  (low  = -273.1°C, high = +65261.8°C)
Sensor 2:     +29.9°C  (low  = -273.1°C, high = +65261.8°C)

nvme-pci-4400
Adapter: PCI adapter
Composite:    +28.9°C  (low  = -273.1°C, high = +71.8°C)
                       (crit = +75.8°C)
Sensor 1:     +37.9°C  (low  = -273.1°C, high = +65261.8°C)
Sensor 2:     +29.9°C  (low  = -273.1°C, high = +65261.8°C)

Durchschn.:  CPU    %usr   %nice    %sys %iowait    %irq   %soft  %steal  %guest  %gnice   %idle
Durchschn.:  all    1,48    0,00    0,08    0,00    0,00    0,00    0,00    0,00    0,00   98,44
Durchschn.:    0    0,00    0,00    0,00    0,00    0,00    0,00    0,00    0,00    0,00  100,00
Durchschn.:    1   95,00    0,00    5,00    0,00    0,00    0,00    0,00    0,00    0,00    0,00
Durchschn.:    2    0,00    0,00    0,00    0,00    0,00    0,00    0,00    0,00    0,00  100,00
Durchschn.:    3    0,00    0,00    0,00    0,00    0,00    0,00    0,00    0,00    0,00  100,00
Durchschn.:    4    0,00    0,00    0,00    0,00    0,00    0,00    0,00    0,00    0,00  100,00
Durchschn.:    5    0,00    0,00    0,00    0,00    0,00    0,00    0,00    0,00    0,00  100,00
Durchschn.:    6    0,00    0,00    0,00    0,00    0,00    0,00    0,00    0,00    0,00  100,00
Durchschn.:    7    0,00    0,00    0,00    0,00    0,00    0,00    0,00    0,00    0,00  100,00
Durchschn.:    8    0,00    0,00    0,00    0,00    0,00    0,00    0,00    0,00    0,00  100,00
Durchschn.:    9    0,00    0,00    0,00    0,00    0,00    0,00    0,00    0,00    0,00  100,00
Durchschn.:   10    0,00    0,00    0,00    0,00    0,00    0,00    0,00    0,00    0,00  100,00
Durchschn.:   11    0,00    0,00    0,00    0,00    0,00    0,00    0,00    0,00    0,00  100,00
Durchschn.:   12    0,00    0,00    0,00    0,00    0,00    0,00    0,00    0,00    0,00  100,00
Durchschn.:   13    0,00    0,00    0,00    0,00    0,00    0,00    0,00    0,00    0,00  100,00
Durchschn.:   14    0,00    0,00    0,00    0,00    0,00    0,00    0,00    0,00    0,00  100,00
Durchschn.:   15    0,00    0,00    0,00    0,00    0,00    0,00    0,00    0,00    0,00  100,00
Durchschn.:   16    0,00    0,00    0,00    0,00    0,00    0,00    0,00    0,00    0,00  100,00
Durchschn.:   17    0,00    0,00    0,00    0,00    0,00    0,00    0,00    0,00    0,00  100,00
Durchschn.:   18    0,00    0,00    0,00    0,00    0,00    0,00    0,00    0,00    0,00  100,00
Durchschn.:   19    0,00    0,00    0,00    0,00    0,00    0,00    0,00    0,00    0,00  100,00
Durchschn.:   20    0,00    0,00    0,00    0,00    0,00    0,00    0,00    0,00    0,00  100,00
Durchschn.:   21    0,00    0,00    0,00    0,00    0,00    0,00    0,00    0,00    0,00  100,00
Durchschn.:   22    0,00    0,00    0,00    0,00    0,00    0,00    0,00    0,00    0,00  100,00
Durchschn.:   23    0,00    0,00    0,00    0,00    0,00    0,00    0,00    0,00    0,00  100,00
Durchschn.:   24    0,00    0,00    0,00    0,00    0,00    0,00    0,00    0,00    0,00  100,00
Durchschn.:   25    0,00    0,00    0,00    0,00    0,00    0,00    0,00    0,00    0,00  100,00
Durchschn.:   26    0,00    0,00    0,00    0,00    0,00    0,00    0,00    0,00    0,00  100,00
Durchschn.:   27    0,00    0,00    0,00    0,00    0,00    0,00    0,00    0,00    0,00  100,00
Durchschn.:   28    0,00    0,00    0,00    0,00    0,00    0,00    0,00    0,00    0,00  100,00
Durchschn.:   29    0,00    0,00    0,00    0,00    0,00    0,00    0,00    0,00    0,00  100,00
Durchschn.:   30    0,00    0,00    0,00    0,00    0,00    0,00    0,00    0,00    0,00  100,00
Durchschn.:   31    0,00    0,00    0,00    0,00    0,00    0,00    0,00    0,00    0,00  100,00
Durchschn.:   32    0,00    0,00    0,00    0,00    0,00    0,00    0,00    0,00    0,00  100,00
Durchschn.:   33    0,00    0,00    0,00    0,00    0,00    0,00    0,00    0,00    0,00  100,00
Durchschn.:   34    0,00    0,00    0,00    0,00    0,00    0,00    0,00    0,00    0,00  100,00
Durchschn.:   35    0,00    0,00    0,00    0,00    0,00    0,00    0,00    0,00    0,00  100,00
Durchschn.:   36    0,00    0,00    0,00    0,00    0,00    0,00    0,00    0,00    0,00  100,00
Durchschn.:   37    0,00    0,00    0,00    0,00    0,00    0,00    0,00    0,00    0,00  100,00
Durchschn.:   38    0,00    0,00    0,00    0,00    0,00    0,00    0,00    0,00    0,00  100,00
Durchschn.:   39    0,00    0,00    0,00    0,00    0,00    0,00    0,00    0,00    0,00  100,00
Durchschn.:   40    0,00    0,00    0,00    0,00    0,00    0,00    0,00    0,00    0,00  100,00
Durchschn.:   41    0,00    0,00    0,00    0,00    0,00    0,00    0,00    0,00    0,00  100,00
Durchschn.:   42    0,00    0,00    0,00    0,00    0,00    0,00    0,00    0,00    0,00  100,00
Durchschn.:   43    0,00    0,00    0,00    0,00    0,00    0,00    0,00    0,00    0,00  100,00
Durchschn.:   44    0,00    0,00    0,00    0,00    0,00    0,00    0,00    0,00    0,00  100,00
Durchschn.:   45    0,00    0,00    0,00    0,00    0,00    0,00    0,00    0,00    0,00  100,00
Durchschn.:   46    0,00    0,00    0,00    0,00    0,00    0,00    0,00    0,00    0,00  100,00
Durchschn.:   47    0,00    0,00    0,00    0,00    0,00    0,00    0,00    0,00    0,00  100,00
Durchschn.:   48    0,00    0,00    0,00    0,00    0,00    0,00    0,00    0,00    0,00  100,00
Durchschn.:   49    0,00    0,00    0,00    0,00    0,00    0,00    0,00    0,00    0,00  100,00
Durchschn.:   50    0,00    0,00    0,00    0,00    0,00    0,00    0,00    0,00    0,00  100,00
Durchschn.:   51    0,00    0,00    0,00    0,00    0,00    0,00    0,00    0,00    0,00  100,00
Durchschn.:   52    0,00    0,00    0,00    0,00    0,00    0,00    0,00    0,00    0,00  100,00
Durchschn.:   53    0,00    0,00    0,00    0,00    0,00    0,00    0,00    0,00    0,00  100,00
Durchschn.:   54    0,00    0,00    0,00    0,00    0,00    0,00    0,00    0,00    0,00  100,00
Durchschn.:   55    0,00    0,00    0,00    0,00    0,00    0,00    0,00    0,00    0,00  100,00
Durchschn.:   56    0,00    0,00    0,00    0,00    0,00    0,00    0,00    0,00    0,00  100,00
Durchschn.:   57    0,00    0,00    0,00    0,00    0,00    0,00    0,00    0,00    0,00  100,00
Durchschn.:   58    0,00    0,00    0,00    0,00    0,00    0,00    0,00    0,00    0,00  100,00
Durchschn.:   59    0,00    0,00    0,00    0,00    0,00    0,00    0,00    0,00    0,00  100,00
Durchschn.:   60    0,00    0,00    0,00    0,00    0,00    0,00    0,00    0,00    0,00  100,00
Durchschn.:   61    0,00    0,00    0,00    0,00    0,00    0,00    0,00    0,00    0,00  100,00
Durchschn.:   62    0,00    0,00    0,00    0,00    0,00    0,00    0,00    0,00    0,00  100,00
Durchschn.:   63    0,00    0,00    0,00    0,00    0,00    0,00    0,00    0,00    0,00  100,00
__________


Sa 2. Dez 20:27:46 CET 2023
k10temp-pci-00c3
Adapter: PCI adapter
Tctl:         +62.6°C  
Tccd1:        +62.0°C  
Tccd2:        +59.2°C  
Tccd3:        +61.0°C  
Tccd4:        +58.2°C  
Tccd5:        +59.2°C  
Tccd6:        +60.8°C  
Tccd7:        +58.8°C  
Tccd8:        +59.5°C  

nvme-pci-4300
Adapter: PCI adapter
Composite:    +28.9°C  (low  = -273.1°C, high = +71.8°C)
                       (crit = +75.8°C)
Sensor 1:     +37.9°C  (low  = -273.1°C, high = +65261.8°C)
Sensor 2:     +29.9°C  (low  = -273.1°C, high = +65261.8°C)

nvme-pci-4400
Adapter: PCI adapter
Composite:    +28.9°C  (low  = -273.1°C, high = +71.8°C)
                       (crit = +75.8°C)
Sensor 1:     +37.9°C  (low  = -273.1°C, high = +65261.8°C)
Sensor 2:     +29.9°C  (low  = -273.1°C, high = +65261.8°C)

Durchschn.:  CPU    %usr   %nice    %sys %iowait    %irq   %soft  %steal  %guest  %gnice   %idle
Durchschn.:  all    1,45    0,00    0,09    0,00    0,00    0,00    0,00    0,00    0,00   98,45
Durchschn.:    0    0,00    0,00    0,00    0,00    0,00    0,00    0,00    0,00    0,00  100,00
Durchschn.:    1   93,94    0,00    6,06    0,00    0,00    0,00    0,00    0,00    0,00    0,00
Durchschn.:    2    0,00    0,00    0,00    0,00    0,00    0,00    0,00    0,00    0,00  100,00
Durchschn.:    3    0,00    0,00    0,00    0,00    0,00    0,00    0,00    0,00    0,00  100,00
Durchschn.:    4    0,00    0,00    0,00    0,00    0,00    0,00    0,00    0,00    0,00  100,00
Durchschn.:    5    0,00    0,00    0,00    0,00    0,00    0,00    0,00    0,00    0,00  100,00
Durchschn.:    6    0,00    0,00    0,00    0,00    0,00    0,00    0,00    0,00    0,00  100,00
Durchschn.:    7    0,00    0,00    0,00    0,00    0,00    0,00    0,00    0,00    0,00  100,00
Durchschn.:    8    0,00    0,00    0,00    0,00    0,00    0,00    0,00    0,00    0,00  100,00
Durchschn.:    9    0,00    0,00    0,00    0,00    0,00    0,00    0,00    0,00    0,00  100,00
Durchschn.:   10    0,00    0,00    0,00    0,00    0,00    0,00    0,00    0,00    0,00  100,00
Durchschn.:   11    0,00    0,00    0,00    0,00    0,00    0,00    0,00    0,00    0,00  100,00
Durchschn.:   12    0,00    0,00    0,00    0,00    0,00    0,00    0,00    0,00    0,00  100,00
Durchschn.:   13    0,00    0,00    0,00    0,00    0,00    0,00    0,00    0,00    0,00  100,00
Durchschn.:   14    0,00    0,00    0,00    0,00    0,00    0,00    0,00    0,00    0,00  100,00
Durchschn.:   15    0,00    0,00    0,00    0,00    0,00    0,00    0,00    0,00    0,00  100,00
Durchschn.:   16    0,00    0,00    0,00    0,00    0,00    0,00    0,00    0,00    0,00  100,00
Durchschn.:   17    0,00    0,00    0,00    0,00    0,00    0,00    0,00    0,00    0,00  100,00
Durchschn.:   18    0,00    0,00    0,00    0,00    0,00    0,00    0,00    0,00    0,00  100,00
Durchschn.:   19    0,00    0,00    0,00    0,00    0,00    0,00    0,00    0,00    0,00  100,00
Durchschn.:   20    0,00    0,00    0,00    0,00    0,00    0,00    0,00    0,00    0,00  100,00
Durchschn.:   21    0,00    0,00    0,00    0,00    0,00    0,00    0,00    0,00    0,00  100,00
Durchschn.:   22    0,00    0,00    0,00    0,00    0,00    0,00    0,00    0,00    0,00  100,00
Durchschn.:   23    0,00    0,00    0,00    0,00    0,00    0,00    0,00    0,00    0,00  100,00
Durchschn.:   24    0,00    0,00    0,00    0,00    0,00    0,00    0,00    0,00    0,00  100,00
Durchschn.:   25    0,00    0,00    0,00    0,00    0,00    0,00    0,00    0,00    0,00  100,00
Durchschn.:   26    0,00    0,00    0,00    0,00    0,00    0,00    0,00    0,00    0,00  100,00
Durchschn.:   27    0,00    0,00    0,00    0,00    0,00    0,00    0,00    0,00    0,00  100,00
Durchschn.:   28    0,00    0,00    0,00    0,00    0,00    0,00    0,00    0,00    0,00  100,00
Durchschn.:   29    0,00    0,00    0,00    0,00    0,00    0,00    0,00    0,00    0,00  100,00
Durchschn.:   30    0,00    0,00    0,00    0,00    0,00    0,00    0,00    0,00    0,00  100,00
Durchschn.:   31    0,00    0,00    0,00    0,00    0,00    0,00    0,00    0,00    0,00  100,00
Durchschn.:   32    0,00    0,00    0,00    0,00    0,00    0,00    0,00    0,00    0,00  100,00
Durchschn.:   33    0,00    0,00    0,00    0,00    0,00    0,00    0,00    0,00    0,00  100,00
Durchschn.:   34    0,00    0,00    0,00    0,00    0,00    0,00    0,00    0,00    0,00  100,00
Durchschn.:   35    0,00    0,00    0,00    0,00    0,00    0,00    0,00    0,00    0,00  100,00
Durchschn.:   36    0,00    0,00    0,00    0,00    0,00    0,00    0,00    0,00    0,00  100,00
Durchschn.:   37    0,00    0,00    0,00    0,00    0,00    0,00    0,00    0,00    0,00  100,00
Durchschn.:   38    0,00    0,00    0,00    0,00    0,00    0,00    0,00    0,00    0,00  100,00
Durchschn.:   39    0,00    0,00    0,00    0,00    0,00    0,00    0,00    0,00    0,00  100,00
Durchschn.:   40    0,00    0,00    0,00    0,00    0,00    0,00    0,00    0,00    0,00  100,00
Durchschn.:   41    0,00    0,00    0,00    0,00    0,00    0,00    0,00    0,00    0,00  100,00
Durchschn.:   42    0,00    0,00    0,00    0,00    0,00    0,00    0,00    0,00    0,00  100,00
Durchschn.:   43    0,00    0,00    0,00    0,00    0,00    0,00    0,00    0,00    0,00  100,00
Durchschn.:   44    0,00    0,00    0,00    0,00    0,00    0,00    0,00    0,00    0,00  100,00
Durchschn.:   45    0,00    0,00    0,00    0,00    0,00    0,00    0,00    0,00    0,00  100,00
Durchschn.:   46    0,00    0,00    0,00    0,00    0,00    0,00    0,00    0,00    0,00  100,00
Durchschn.:   47    0,00    0,00    0,00    0,00    0,00    0,00    0,00    0,00    0,00  100,00
Durchschn.:   48    0,00    0,00    0,00    0,00    0,00    0,00    0,00    0,00    0,00  100,00
Durchschn.:   49    0,00    0,00    0,00    0,00    0,00    0,00    0,00    0,00    0,00  100,00
Durchschn.:   50    0,00    0,00    0,00    0,00    0,00    0,00    0,00    0,00    0,00  100,00
Durchschn.:   51    0,00    0,00    0,00    0,00    0,00    0,00    0,00    0,00    0,00  100,00
Durchschn.:   52    0,00    0,00    0,00    0,00    0,00    0,00    0,00    0,00    0,00  100,00
Durchschn.:   53    0,00    0,00    0,00    0,00    0,00    0,00    0,00    0,00    0,00  100,00
Durchschn.:   54    0,00    0,00    0,00    0,00    0,00    0,00    0,00    0,00    0,00  100,00
Durchschn.:   55    0,00    0,00    0,00    0,00    0,00    0,00    0,00    0,00    0,00  100,00
Durchschn.:   56    0,00    0,00    0,00    0,00    0,00    0,00    0,00    0,00    0,00  100,00
Durchschn.:   57    0,00    0,00    0,00    0,00    0,00    0,00    0,00    0,00    0,00  100,00
Durchschn.:   58    0,00    0,00    0,00    0,00    0,00    0,00    0,00    0,00    0,00  100,00
Durchschn.:   59    0,00    0,00    0,00    0,00    0,00    0,00    0,00    0,00    0,00  100,00
Durchschn.:   60    0,00    0,00    0,00    0,00    0,00    0,00    0,00    0,00    0,00  100,00
Durchschn.:   61    0,00    0,00    0,00    0,00    0,00    0,00    0,00    0,00    0,00  100,00
Durchschn.:   62    0,00    0,00    0,00    0,00    0,00    0,00    0,00    0,00    0,00  100,00
Durchschn.:   63    0,00    0,00    0,00    0,00    0,00    0,00    0,00    0,00    0,00  100,00
__________


Sa 2. Dez 20:27:47 CET 2023
k10temp-pci-00c3
Adapter: PCI adapter
Tctl:         +62.6°C  
Tccd1:        +62.5°C  
Tccd2:        +59.8°C  
Tccd3:        +60.0°C  
Tccd4:        +57.8°C  
Tccd5:        +58.5°C  
Tccd6:        +59.2°C  
Tccd7:        +58.8°C  
Tccd8:        +59.0°C  

nvme-pci-4300
Adapter: PCI adapter
Composite:    +28.9°C  (low  = -273.1°C, high = +71.8°C)
                       (crit = +75.8°C)
Sensor 1:     +37.9°C  (low  = -273.1°C, high = +65261.8°C)
Sensor 2:     +29.9°C  (low  = -273.1°C, high = +65261.8°C)

nvme-pci-4400
Adapter: PCI adapter
Composite:    +28.9°C  (low  = -273.1°C, high = +71.8°C)
                       (crit = +75.8°C)
Sensor 1:     +37.9°C  (low  = -273.1°C, high = +65261.8°C)
Sensor 2:     +29.9°C  (low  = -273.1°C, high = +65261.8°C)

Durchschn.:  CPU    %usr   %nice    %sys %iowait    %irq   %soft  %steal  %guest  %gnice   %idle
Durchschn.:  all    1,52    0,00    0,08    0,00    0,00    0,00    0,00    0,00    0,00   98,41
Durchschn.:    0    0,00    0,00    0,00    0,00    0,00    0,00    0,00    0,00    0,00  100,00
Durchschn.:    1   96,00    0,00    4,00    0,00    0,00    0,00    0,00    0,00    0,00    0,00
Durchschn.:    2    0,00    0,00    0,00    0,00    0,00    0,00    0,00    0,00    0,00  100,00
Durchschn.:    3    0,00    0,00    0,00    0,00    0,00    0,00    0,00    0,00    0,00  100,00
Durchschn.:    4    0,00    0,00    0,00    0,00    0,00    0,00    0,00    0,00    0,00  100,00
Durchschn.:    5    0,00    0,00    0,00    0,00    0,00    0,00    0,00    0,00    0,00  100,00
Durchschn.:    6    0,00    0,00    0,00    0,00    0,00    0,00    0,00    0,00    0,00  100,00
Durchschn.:    7    0,00    0,00    0,00    0,00    0,00    0,00    0,00    0,00    0,00  100,00
Durchschn.:    8    0,00    0,00    0,00    0,00    0,00    0,00    0,00    0,00    0,00  100,00
Durchschn.:    9    0,00    0,00    0,00    0,00    0,00    0,00    0,00    0,00    0,00  100,00
Durchschn.:   10    0,00    0,00    0,00    0,00    0,00    0,00    0,00    0,00    0,00  100,00
Durchschn.:   11    0,00    0,00    0,00    0,00    0,00    0,00    0,00    0,00    0,00  100,00
Durchschn.:   12    0,00    0,00    0,00    0,00    0,00    0,00    0,00    0,00    0,00  100,00
Durchschn.:   13    0,00    0,00    0,00    0,00    0,00    0,00    0,00    0,00    0,00  100,00
Durchschn.:   14    0,00    0,00    0,00    0,00    0,00    0,00    0,00    0,00    0,00  100,00
Durchschn.:   15    0,00    0,00    0,00    0,00    0,00    0,00    0,00    0,00    0,00  100,00
Durchschn.:   16    0,00    0,00    0,00    0,00    0,00    0,00    0,00    0,00    0,00  100,00
Durchschn.:   17    0,00    0,00    0,00    0,00    0,00    0,00    0,00    0,00    0,00  100,00
Durchschn.:   18    0,00    0,00    0,00    0,00    0,00    0,00    0,00    0,00    0,00  100,00
Durchschn.:   19    0,00    0,00    0,00    0,00    0,00    0,00    0,00    0,00    0,00  100,00
Durchschn.:   20    0,00    0,00    0,00    0,00    0,00    0,00    0,00    0,00    0,00  100,00
Durchschn.:   21    0,00    0,00    0,00    0,00    0,00    0,00    0,00    0,00    0,00  100,00
Durchschn.:   22    0,00    0,00    0,00    0,00    0,00    0,00    0,00    0,00    0,00  100,00
Durchschn.:   23    0,00    0,00    0,00    0,00    0,00    0,00    0,00    0,00    0,00  100,00
Durchschn.:   24    0,00    0,00    0,00    0,00    0,00    0,00    0,00    0,00    0,00  100,00
Durchschn.:   25    0,00    0,00    0,00    0,00    0,00    0,00    0,00    0,00    0,00  100,00
Durchschn.:   26    0,00    0,00    0,00    0,00    0,00    0,00    0,00    0,00    0,00  100,00
Durchschn.:   27    0,00    0,00    0,00    0,00    0,00    0,00    0,00    0,00    0,00  100,00
Durchschn.:   28    0,00    0,00    0,00    0,00    0,00    0,00    0,00    0,00    0,00  100,00
Durchschn.:   29    0,00    0,00    0,00    0,00    0,00    0,00    0,00    0,00    0,00  100,00
Durchschn.:   30    0,00    0,00    0,00    0,00    0,00    0,00    0,00    0,00    0,00  100,00
Durchschn.:   31    0,00    0,00    0,00    0,00    0,00    0,00    0,00    0,00    0,00  100,00
Durchschn.:   32    0,00    0,00    0,00    0,00    0,00    0,00    0,00    0,00    0,00  100,00
Durchschn.:   33    0,00    0,00    0,00    0,00    0,00    0,00    0,00    0,00    0,00  100,00
Durchschn.:   34    0,00    0,00    0,00    0,00    0,00    0,00    0,00    0,00    0,00  100,00
Durchschn.:   35    0,00    0,00    0,00    0,00    0,00    0,00    0,00    0,00    0,00  100,00
Durchschn.:   36    0,00    0,00    0,00    0,00    0,00    0,00    0,00    0,00    0,00  100,00
Durchschn.:   37    0,00    0,00    0,00    0,00    0,00    0,00    0,00    0,00    0,00  100,00
Durchschn.:   38    0,00    0,00    0,00    0,00    0,00    0,00    0,00    0,00    0,00  100,00
Durchschn.:   39    0,00    0,00    0,00    0,00    0,00    0,00    0,00    0,00    0,00  100,00
Durchschn.:   40    0,00    0,00    0,00    0,00    0,00    0,00    0,00    0,00    0,00  100,00
Durchschn.:   41    0,00    0,00    0,00    0,00    0,00    0,00    0,00    0,00    0,00  100,00
Durchschn.:   42    0,00    0,00    0,00    0,00    0,00    0,00    0,00    0,00    0,00  100,00
Durchschn.:   43    0,00    0,00    0,00    0,00    0,00    0,00    0,00    0,00    0,00  100,00
Durchschn.:   44    0,00    0,00    0,00    0,00    0,00    0,00    0,00    0,00    0,00  100,00
Durchschn.:   45    0,00    0,00    0,00    0,00    0,00    0,00    0,00    0,00    0,00  100,00
Durchschn.:   46    0,00    0,00    0,00    0,00    0,00    0,00    0,00    0,00    0,00  100,00
Durchschn.:   47    0,00    0,00    0,00    0,00    0,00    0,00    0,00    0,00    0,00  100,00
Durchschn.:   48    0,00    0,00    0,00    0,00    0,00    0,00    0,00    0,00    0,00  100,00
Durchschn.:   49    0,00    0,00    0,00    0,00    0,00    0,00    0,00    0,00    0,00  100,00
Durchschn.:   50    0,00    0,00    0,00    0,00    0,00    0,00    0,00    0,00    0,00  100,00
Durchschn.:   51    0,00    0,00    0,00    0,00    0,00    0,00    0,00    0,00    0,00  100,00
Durchschn.:   52    0,00    0,00    0,00    0,00    0,00    0,00    0,00    0,00    0,00  100,00
Durchschn.:   53    0,00    0,00    0,00    0,00    0,00    0,00    0,00    0,00    0,00  100,00
Durchschn.:   54    0,00    0,00    0,00    0,00    0,00    0,00    0,00    0,00    0,00  100,00
Durchschn.:   55    0,00    0,00    0,00    0,00    0,00    0,00    0,00    0,00    0,00  100,00
Durchschn.:   56    0,00    0,00    0,00    0,00    0,00    0,00    0,00    0,00    0,00  100,00
Durchschn.:   57    0,00    0,00    0,00    0,00    0,00    0,00    0,00    0,00    0,00  100,00
Durchschn.:   58    0,00    0,00    0,00    0,00    0,00    0,00    0,00    0,00    0,00  100,00
Durchschn.:   59    0,00    0,00    0,00    0,00    0,00    0,00    0,00    0,00    0,00  100,00
Durchschn.:   60    0,00    0,00    0,00    0,00    0,00    0,00    0,00    0,00    0,00  100,00
Durchschn.:   61    0,00    0,00    0,00    0,00    0,00    0,00    0,00    0,00    0,00  100,00
Durchschn.:   62    0,00    0,00    0,00    0,00    0,00    0,00    0,00    0,00    0,00  100,00
Durchschn.:   63    0,99    0,00    0,99    0,00    0,00    0,00    0,00    0,00    0,00   98,02
__________


Sa 2. Dez 20:27:48 CET 2023
k10temp-pci-00c3
Adapter: PCI adapter
Tctl:         +62.6°C  
Tccd1:        +61.8°C  
Tccd2:        +59.8°C  
Tccd3:        +61.2°C  
Tccd4:        +57.8°C  
Tccd5:        +58.5°C  
Tccd6:        +59.2°C  
Tccd7:        +59.2°C  
Tccd8:        +59.5°C  

nvme-pci-4300
Adapter: PCI adapter
Composite:    +28.9°C  (low  = -273.1°C, high = +71.8°C)
                       (crit = +75.8°C)
Sensor 1:     +37.9°C  (low  = -273.1°C, high = +65261.8°C)
Sensor 2:     +29.9°C  (low  = -273.1°C, high = +65261.8°C)

nvme-pci-4400
Adapter: PCI adapter
Composite:    +28.9°C  (low  = -273.1°C, high = +71.8°C)
                       (crit = +75.8°C)
Sensor 1:     +37.9°C  (low  = -273.1°C, high = +65261.8°C)
Sensor 2:     +29.9°C  (low  = -273.1°C, high = +65261.8°C)

Durchschn.:  CPU    %usr   %nice    %sys %iowait    %irq   %soft  %steal  %guest  %gnice   %idle
Durchschn.:  all    1,53    0,00    0,03    0,00    0,00    0,00    0,00    0,00    0,00   98,44
Durchschn.:    0    0,00    0,00    0,00    0,00    0,00    0,00    0,00    0,00    0,00  100,00
Durchschn.:    1   98,00    0,00    2,00    0,00    0,00    0,00    0,00    0,00    0,00    0,00
Durchschn.:    2    0,00    0,00    0,00    0,00    0,00    0,00    0,00    0,00    0,00  100,00
Durchschn.:    3    0,00    0,00    0,00    0,00    0,00    0,00    0,00    0,00    0,00  100,00
Durchschn.:    4    0,00    0,00    0,00    0,00    0,00    0,00    0,00    0,00    0,00  100,00
Durchschn.:    5    0,00    0,00    0,00    0,00    0,00    0,00    0,00    0,00    0,00  100,00
Durchschn.:    6    0,00    0,00    0,00    0,00    0,00    0,00    0,00    0,00    0,00  100,00
Durchschn.:    7    0,00    0,00    0,00    0,00    0,00    0,00    0,00    0,00    0,00  100,00
Durchschn.:    8    0,00    0,00    0,00    0,00    0,00    0,00    0,00    0,00    0,00  100,00
Durchschn.:    9    0,00    0,00    0,00    0,00    0,00    0,00    0,00    0,00    0,00  100,00
Durchschn.:   10    0,00    0,00    0,00    0,00    0,00    0,00    0,00    0,00    0,00  100,00
Durchschn.:   11    0,00    0,00    0,00    0,00    0,00    0,00    0,00    0,00    0,00  100,00
Durchschn.:   12    0,00    0,00    0,00    0,00    0,00    0,00    0,00    0,00    0,00  100,00
Durchschn.:   13    0,00    0,00    0,00    0,00    0,00    0,00    0,00    0,00    0,00  100,00
Durchschn.:   14    0,00    0,00    0,00    0,00    0,00    0,00    0,00    0,00    0,00  100,00
Durchschn.:   15    0,00    0,00    0,00    0,00    0,00    0,00    0,00    0,00    0,00  100,00
Durchschn.:   16    0,00    0,00    0,00    0,00    0,00    0,00    0,00    0,00    0,00  100,00
Durchschn.:   17    0,00    0,00    0,00    0,00    0,00    0,00    0,00    0,00    0,00  100,00
Durchschn.:   18    0,00    0,00    0,00    0,00    0,00    0,00    0,00    0,00    0,00  100,00
Durchschn.:   19    0,00    0,00    0,00    0,00    0,00    0,00    0,00    0,00    0,00  100,00
Durchschn.:   20    0,00    0,00    0,00    0,00    0,00    0,00    0,00    0,00    0,00  100,00
Durchschn.:   21    0,00    0,00    0,00    0,00    0,00    0,00    0,00    0,00    0,00  100,00
Durchschn.:   22    0,00    0,00    0,00    0,00    0,00    0,00    0,00    0,00    0,00  100,00
Durchschn.:   23    0,00    0,00    0,00    0,00    0,00    0,00    0,00    0,00    0,00  100,00
Durchschn.:   24    0,00    0,00    0,00    0,00    0,00    0,00    0,00    0,00    0,00  100,00
Durchschn.:   25    0,00    0,00    0,00    0,00    0,00    0,00    0,00    0,00    0,00  100,00
Durchschn.:   26    0,00    0,00    0,00    0,00    0,00    0,00    0,00    0,00    0,00  100,00
Durchschn.:   27    0,00    0,00    0,00    0,00    0,00    0,00    0,00    0,00    0,00  100,00
Durchschn.:   28    0,00    0,00    0,00    0,00    0,00    0,00    0,00    0,00    0,00  100,00
Durchschn.:   29    0,00    0,00    0,00    0,00    0,00    0,00    0,00    0,00    0,00  100,00
Durchschn.:   30    0,00    0,00    0,00    0,00    0,00    0,00    0,00    0,00    0,00  100,00
Durchschn.:   31    0,00    0,00    0,00    0,00    0,00    0,00    0,00    0,00    0,00  100,00
Durchschn.:   32    0,00    0,00    0,00    0,00    0,00    0,00    0,00    0,00    0,00  100,00
Durchschn.:   33    0,00    0,00    0,00    0,00    0,00    0,00    0,00    0,00    0,00  100,00
Durchschn.:   34    0,00    0,00    0,00    0,00    0,00    0,00    0,00    0,00    0,00  100,00
Durchschn.:   35    0,00    0,00    0,00    0,00    0,00    0,00    0,00    0,00    0,00  100,00
Durchschn.:   36    0,00    0,00    0,00    0,00    0,00    0,00    0,00    0,00    0,00  100,00
Durchschn.:   37    0,00    0,00    0,00    0,00    0,00    0,00    0,00    0,00    0,00  100,00
Durchschn.:   38    0,00    0,00    0,00    0,00    0,00    0,00    0,00    0,00    0,00  100,00
Durchschn.:   39    0,00    0,00    0,00    0,00    0,00    0,00    0,00    0,00    0,00  100,00
Durchschn.:   40    0,00    0,00    0,00    0,00    0,00    0,00    0,00    0,00    0,00  100,00
Durchschn.:   41    0,00    0,00    0,00    0,00    0,00    0,00    0,00    0,00    0,00  100,00
Durchschn.:   42    0,00    0,00    0,00    0,00    0,00    0,00    0,00    0,00    0,00  100,00
Durchschn.:   43    0,00    0,00    0,00    0,00    0,00    0,00    0,00    0,00    0,00  100,00
Durchschn.:   44    0,00    0,00    0,00    0,00    0,00    0,00    0,00    0,00    0,00  100,00
Durchschn.:   45    0,00    0,00    0,00    0,00    0,00    0,00    0,00    0,00    0,00  100,00
Durchschn.:   46    0,00    0,00    0,00    0,00    0,00    0,00    0,00    0,00    0,00  100,00
Durchschn.:   47    0,00    0,00    0,00    0,00    0,00    0,00    0,00    0,00    0,00  100,00
Durchschn.:   48    0,00    0,00    0,00    0,00    0,00    0,00    0,00    0,00    0,00  100,00
Durchschn.:   49    0,00    0,00    0,00    0,00    0,00    0,00    0,00    0,00    0,00  100,00
Durchschn.:   50    0,00    0,00    0,00    0,00    0,00    0,00    0,00    0,00    0,00  100,00
Durchschn.:   51    0,00    0,00    0,00    0,00    0,00    0,00    0,00    0,00    0,00  100,00
Durchschn.:   52    0,00    0,00    0,00    0,00    0,00    0,00    0,00    0,00    0,00  100,00
Durchschn.:   53    0,00    0,00    0,00    0,00    0,00    0,00    0,00    0,00    0,00  100,00
Durchschn.:   54    0,00    0,00    0,00    0,00    0,00    0,00    0,00    0,00    0,00  100,00
Durchschn.:   55    0,00    0,00    0,00    0,00    0,00    0,00    0,00    0,00    0,00  100,00
Durchschn.:   56    0,00    0,00    0,00    0,00    0,00    0,00    0,00    0,00    0,00  100,00
Durchschn.:   57    0,00    0,00    0,00    0,00    0,00    0,00    0,00    0,00    0,00  100,00
Durchschn.:   58    0,00    0,00    0,00    0,00    0,00    0,00    0,00    0,00    0,00  100,00
Durchschn.:   59    0,00    0,00    0,00    0,00    0,00    0,00    0,00    0,00    0,00  100,00
Durchschn.:   60    0,00    0,00    0,00    0,00    0,00    0,00    0,00    0,00    0,00  100,00
Durchschn.:   61    0,00    0,00    0,00    0,00    0,00    0,00    0,00    0,00    0,00  100,00
Durchschn.:   62    0,00    0,00    0,00    0,00    0,00    0,00    0,00    0,00    0,00  100,00
Durchschn.:   63    0,00    0,00    0,00    0,00    0,00    0,00    0,00    0,00    0,00  100,00
__________


Sa 2. Dez 20:27:49 CET 2023
k10temp-pci-00c3
Adapter: PCI adapter
Tctl:         +62.6°C  
Tccd1:        +61.5°C  
Tccd2:        +59.5°C  
Tccd3:        +60.5°C  
Tccd4:        +58.2°C  
Tccd5:        +58.2°C  
Tccd6:        +59.5°C  
Tccd7:        +59.2°C  
Tccd8:        +60.0°C  

nvme-pci-4300
Adapter: PCI adapter
Composite:    +28.9°C  (low  = -273.1°C, high = +71.8°C)
                       (crit = +75.8°C)
Sensor 1:     +37.9°C  (low  = -273.1°C, high = +65261.8°C)
Sensor 2:     +29.9°C  (low  = -273.1°C, high = +65261.8°C)

nvme-pci-4400
Adapter: PCI adapter
Composite:    +28.9°C  (low  = -273.1°C, high = +71.8°C)
                       (crit = +75.8°C)
Sensor 1:     +37.9°C  (low  = -273.1°C, high = +65261.8°C)
Sensor 2:     +29.9°C  (low  = -273.1°C, high = +65261.8°C)

Durchschn.:  CPU    %usr   %nice    %sys %iowait    %irq   %soft  %steal  %guest  %gnice   %idle
Durchschn.:  all    1,47    0,00    0,08    0,00    0,00    0,00    0,00    0,00    0,00   98,45
Durchschn.:    0    0,00    0,00    0,00    0,00    0,00    0,00    0,00    0,00    0,00  100,00
Durchschn.:    1   94,95    0,00    5,05    0,00    0,00    0,00    0,00    0,00    0,00    0,00
Durchschn.:    2    0,00    0,00    0,00    0,00    0,00    0,00    0,00    0,00    0,00  100,00
Durchschn.:    3    0,00    0,00    0,00    0,00    0,00    0,00    0,00    0,00    0,00  100,00
Durchschn.:    4    0,00    0,00    0,00    0,00    0,00    0,00    0,00    0,00    0,00  100,00
Durchschn.:    5    0,00    0,00    0,00    0,00    0,00    0,00    0,00    0,00    0,00  100,00
Durchschn.:    6    0,00    0,00    0,00    0,00    0,00    0,00    0,00    0,00    0,00  100,00
Durchschn.:    7    0,00    0,00    0,00    0,00    0,00    0,00    0,00    0,00    0,00  100,00
Durchschn.:    8    0,00    0,00    0,00    0,00    0,00    0,00    0,00    0,00    0,00  100,00
Durchschn.:    9    0,00    0,00    0,00    0,00    0,00    0,00    0,00    0,00    0,00  100,00
Durchschn.:   10    0,00    0,00    0,00    0,00    0,00    0,00    0,00    0,00    0,00  100,00
Durchschn.:   11    0,00    0,00    0,00    0,00    0,00    0,00    0,00    0,00    0,00  100,00
Durchschn.:   12    0,00    0,00    0,00    0,00    0,00    0,00    0,00    0,00    0,00  100,00
Durchschn.:   13    0,00    0,00    0,00    0,00    0,00    0,00    0,00    0,00    0,00  100,00
Durchschn.:   14    0,00    0,00    0,00    0,00    0,00    0,00    0,00    0,00    0,00  100,00
Durchschn.:   15    0,00    0,00    0,00    0,00    0,00    0,00    0,00    0,00    0,00  100,00
Durchschn.:   16    0,00    0,00    0,00    0,00    0,00    0,00    0,00    0,00    0,00  100,00
Durchschn.:   17    0,00    0,00    0,00    0,00    0,00    0,00    0,00    0,00    0,00  100,00
Durchschn.:   18    0,00    0,00    0,00    0,00    0,00    0,00    0,00    0,00    0,00  100,00
Durchschn.:   19    0,00    0,00    0,00    0,00    0,00    0,00    0,00    0,00    0,00  100,00
Durchschn.:   20    0,00    0,00    0,00    0,00    0,00    0,00    0,00    0,00    0,00  100,00
Durchschn.:   21    0,00    0,00    0,00    0,00    0,00    0,00    0,00    0,00    0,00  100,00
Durchschn.:   22    0,00    0,00    0,00    0,00    0,00    0,00    0,00    0,00    0,00  100,00
Durchschn.:   23    0,00    0,00    0,00    0,00    0,00    0,00    0,00    0,00    0,00  100,00
Durchschn.:   24    0,00    0,00    0,00    0,00    0,00    0,00    0,00    0,00    0,00  100,00
Durchschn.:   25    0,00    0,00    0,00    0,00    0,00    0,00    0,00    0,00    0,00  100,00
Durchschn.:   26    0,00    0,00    0,00    0,00    0,00    0,00    0,00    0,00    0,00  100,00
Durchschn.:   27    0,00    0,00    0,00    0,00    0,00    0,00    0,00    0,00    0,00  100,00
Durchschn.:   28    0,00    0,00    0,00    0,00    0,00    0,00    0,00    0,00    0,00  100,00
Durchschn.:   29    0,00    0,00    0,00    0,00    0,00    0,00    0,00    0,00    0,00  100,00
Durchschn.:   30    0,00    0,00    0,00    0,00    0,00    0,00    0,00    0,00    0,00  100,00
Durchschn.:   31    0,00    0,00    0,00    0,00    0,00    0,00    0,00    0,00    0,00  100,00
Durchschn.:   32    0,00    0,00    0,00    0,00    0,00    0,00    0,00    0,00    0,00  100,00
Durchschn.:   33    0,00    0,00    0,00    0,00    0,00    0,00    0,00    0,00    0,00  100,00
Durchschn.:   34    0,00    0,00    0,00    0,00    0,00    0,00    0,00    0,00    0,00  100,00
Durchschn.:   35    0,00    0,00    0,00    0,00    0,00    0,00    0,00    0,00    0,00  100,00
Durchschn.:   36    0,00    0,00    0,00    0,00    0,00    0,00    0,00    0,00    0,00  100,00
Durchschn.:   37    0,00    0,00    0,00    0,00    0,00    0,00    0,00    0,00    0,00  100,00
Durchschn.:   38    0,00    0,00    0,00    0,00    0,00    0,00    0,00    0,00    0,00  100,00
Durchschn.:   39    0,00    0,00    0,00    0,00    0,00    0,00    0,00    0,00    0,00  100,00
Durchschn.:   40    0,00    0,00    0,00    0,00    0,00    0,00    0,00    0,00    0,00  100,00
Durchschn.:   41    0,00    0,00    0,00    0,00    0,00    0,00    0,00    0,00    0,00  100,00
Durchschn.:   42    0,00    0,00    0,00    0,00    0,00    0,00    0,00    0,00    0,00  100,00
Durchschn.:   43    0,00    0,00    0,00    0,00    0,00    0,00    0,00    0,00    0,00  100,00
Durchschn.:   44    0,00    0,00    0,00    0,00    0,00    0,00    0,00    0,00    0,00  100,00
Durchschn.:   45    0,00    0,00    0,00    0,00    0,00    0,00    0,00    0,00    0,00  100,00
Durchschn.:   46    0,00    0,00    0,00    0,00    0,00    0,00    0,00    0,00    0,00  100,00
Durchschn.:   47    0,00    0,00    0,00    0,00    0,00    0,00    0,00    0,00    0,00  100,00
Durchschn.:   48    0,00    0,00    0,00    0,00    0,00    0,00    0,00    0,00    0,00  100,00
Durchschn.:   49    0,00    0,00    0,00    0,00    0,00    0,00    0,00    0,00    0,00  100,00
Durchschn.:   50    0,00    0,00    0,00    0,00    0,00    0,00    0,00    0,00    0,00  100,00
Durchschn.:   51    0,00    0,00    0,00    0,00    0,00    0,00    0,00    0,00    0,00  100,00
Durchschn.:   52    0,00    0,00    0,00    0,00    0,00    0,00    0,00    0,00    0,00  100,00
Durchschn.:   53    0,00    0,00    0,00    0,00    0,00    0,00    0,00    0,00    0,00  100,00
Durchschn.:   54    0,00    0,00    0,00    0,00    0,00    0,00    0,00    0,00    0,00  100,00
Durchschn.:   55    0,00    0,00    0,00    0,00    0,00    0,00    0,00    0,00    0,00  100,00
Durchschn.:   56    0,00    0,00    0,00    0,00    0,00    0,00    0,00    0,00    0,00  100,00
Durchschn.:   57    0,00    0,00    0,00    0,00    0,00    0,00    0,00    0,00    0,00  100,00
Durchschn.:   58    0,00    0,00    0,00    0,00    0,00    0,00    0,00    0,00    0,00  100,00
Durchschn.:   59    0,00    0,00    0,00    0,00    0,00    0,00    0,00    0,00    0,00  100,00
Durchschn.:   60    0,00    0,00    0,00    0,00    0,00    0,00    0,00    0,00    0,00  100,00
Durchschn.:   61    0,00    0,00    0,00    0,00    0,00    0,00    0,00    0,00    0,00  100,00
Durchschn.:   62    0,00    0,00    0,00    0,00    0,00    0,00    0,00    0,00    0,00  100,00
Durchschn.:   63    0,00    0,00    0,00    0,00    0,00    0,00    0,00    0,00    0,00  100,00
__________


Sa 2. Dez 20:27:50 CET 2023
k10temp-pci-00c3
Adapter: PCI adapter
Tctl:         +62.6°C  
Tccd1:        +61.2°C  
Tccd2:        +59.2°C  
Tccd3:        +60.8°C  
Tccd4:        +57.8°C  
Tccd5:        +58.5°C  
Tccd6:        +59.8°C  
Tccd7:        +59.2°C  
Tccd8:        +59.2°C  

nvme-pci-4300
Adapter: PCI adapter
Composite:    +28.9°C  (low  = -273.1°C, high = +71.8°C)
                       (crit = +75.8°C)
Sensor 1:     +37.9°C  (low  = -273.1°C, high = +65261.8°C)
Sensor 2:     +29.9°C  (low  = -273.1°C, high = +65261.8°C)

nvme-pci-4400
Adapter: PCI adapter
Composite:    +28.9°C  (low  = -273.1°C, high = +71.8°C)
                       (crit = +75.8°C)
Sensor 1:     +37.9°C  (low  = -273.1°C, high = +65261.8°C)
Sensor 2:     +29.9°C  (low  = -273.1°C, high = +65261.8°C)

Durchschn.:  CPU    %usr   %nice    %sys %iowait    %irq   %soft  %steal  %guest  %gnice   %idle
Durchschn.:  all    1,51    0,00    0,08    0,03    0,00    0,00    0,00    0,00    0,00   98,38
Durchschn.:    0    0,00    0,00    0,00    0,00    0,00    0,00    0,00    0,00    0,00  100,00
Durchschn.:    1   96,04    0,00    2,97    0,99    0,00    0,00    0,00    0,00    0,00    0,00
Durchschn.:    2    0,00    0,00    0,00    0,00    0,00    0,00    0,00    0,00    0,00  100,00
Durchschn.:    3    0,00    0,00    0,00    0,00    0,00    0,00    0,00    0,00    0,00  100,00
Durchschn.:    4    0,00    0,00    0,00    0,00    0,00    0,00    0,00    0,00    0,00  100,00
Durchschn.:    5    0,00    0,00    0,00    0,00    0,00    0,00    0,00    0,00    0,00  100,00
Durchschn.:    6    0,00    0,00    0,00    0,00    0,00    0,00    0,00    0,00    0,00  100,00
Durchschn.:    7    0,00    0,00    0,00    0,00    0,00    0,00    0,00    0,00    0,00  100,00
Durchschn.:    8    0,00    0,00    0,00    0,00    0,00    0,00    0,00    0,00    0,00  100,00
Durchschn.:    9    0,00    0,00    0,00    0,00    0,00    0,00    0,00    0,00    0,00  100,00
Durchschn.:   10    0,00    0,00    0,00    0,00    0,00    0,00    0,00    0,00    0,00  100,00
Durchschn.:   11    0,00    0,00    0,00    0,00    0,00    0,00    0,00    0,00    0,00  100,00
Durchschn.:   12    0,00    0,00    0,00    0,00    0,00    0,00    0,00    0,00    0,00  100,00
Durchschn.:   13    0,00    0,00    0,00    0,00    0,00    0,00    0,00    0,00    0,00  100,00
Durchschn.:   14    0,00    0,00    0,00    0,00    0,00    0,00    0,00    0,00    0,00  100,00
Durchschn.:   15    0,00    0,00    0,00    0,00    0,00    0,00    0,00    0,00    0,00  100,00
Durchschn.:   16    0,00    0,00    0,00    0,00    0,00    0,00    0,00    0,00    0,00  100,00
Durchschn.:   17    0,00    0,00    0,00    0,00    0,00    0,00    0,00    0,00    0,00  100,00
Durchschn.:   18    0,00    0,00    0,00    0,00    0,00    0,00    0,00    0,00    0,00  100,00
Durchschn.:   19    0,00    0,00    0,00    0,00    0,00    0,00    0,00    0,00    0,00  100,00
Durchschn.:   20    0,00    0,00    0,00    0,00    0,00    0,00    0,00    0,00    0,00  100,00
Durchschn.:   21    0,00    0,00    0,00    0,00    0,00    0,00    0,00    0,00    0,00  100,00
Durchschn.:   22    0,00    0,00    0,00    0,00    0,00    0,00    0,00    0,00    0,00  100,00
Durchschn.:   23    0,00    0,00    0,00    0,00    0,00    0,00    0,00    0,00    0,00  100,00
Durchschn.:   24    0,00    0,00    0,00    0,00    0,00    0,00    0,00    0,00    0,00  100,00
Durchschn.:   25    0,00    0,00    0,00    0,00    0,00    0,00    0,00    0,00    0,00  100,00
Durchschn.:   26    0,00    0,00    0,00    0,00    0,00    0,00    0,00    0,00    0,00  100,00
Durchschn.:   27    0,00    0,00    0,00    0,00    0,00    0,00    0,00    0,00    0,00  100,00
Durchschn.:   28    0,00    0,00    0,00    0,00    0,00    0,00    0,00    0,00    0,00  100,00
Durchschn.:   29    0,00    0,00    0,00    0,00    0,00    0,00    0,00    0,00    0,00  100,00
Durchschn.:   30    0,00    0,00    0,00    0,00    0,00    0,00    0,00    0,00    0,00  100,00
Durchschn.:   31    0,00    0,00    0,00    0,00    0,00    0,00    0,00    0,00    0,00  100,00
Durchschn.:   32    0,00    0,00    0,00    0,00    0,00    0,00    0,00    0,00    0,00  100,00
Durchschn.:   33    0,00    0,00    0,00    0,00    0,00    0,00    0,00    0,00    0,00  100,00
Durchschn.:   34    0,00    0,00    0,00    0,00    0,00    0,00    0,00    0,00    0,00  100,00
Durchschn.:   35    0,00    0,00    0,00    0,00    0,00    0,00    0,00    0,00    0,00  100,00
Durchschn.:   36    0,00    0,00    0,00    0,00    0,00    0,00    0,00    0,00    0,00  100,00
Durchschn.:   37    0,00    0,00    0,00    0,00    0,00    0,00    0,00    0,00    0,00  100,00
Durchschn.:   38    0,00    0,00    0,00    0,00    0,00    0,00    0,00    0,00    0,00  100,00
Durchschn.:   39    0,00    0,00    0,00    0,00    0,00    0,00    0,00    0,00    0,00  100,00
Durchschn.:   40    0,00    0,00    0,00    0,00    0,00    0,00    0,00    0,00    0,00  100,00
Durchschn.:   41    0,00    0,00    0,00    0,00    0,00    0,00    0,00    0,00    0,00  100,00
Durchschn.:   42    0,00    0,00    0,00    0,00    0,00    0,00    0,00    0,00    0,00  100,00
Durchschn.:   43    0,00    0,00    0,00    0,00    0,00    0,00    0,00    0,00    0,00  100,00
Durchschn.:   44    0,00    0,00    0,00    0,00    0,00    0,00    0,00    0,00    0,00  100,00
Durchschn.:   45    0,00    0,00    0,00    0,00    0,00    0,00    0,00    0,00    0,00  100,00
Durchschn.:   46    0,00    0,00    0,00    0,00    0,00    0,00    0,00    0,00    0,00  100,00
Durchschn.:   47    0,00    0,00    0,00    0,00    0,00    0,00    0,00    0,00    0,00  100,00
Durchschn.:   48    0,00    0,00    0,00    0,00    0,00    0,00    0,00    0,00    0,00  100,00
Durchschn.:   49    0,00    0,00    0,00    0,00    0,00    0,00    0,00    0,00    0,00  100,00
Durchschn.:   50    0,00    0,00    0,00    0,00    0,00    0,00    0,00    0,00    0,00  100,00
Durchschn.:   51    0,00    0,00    0,00    0,00    0,00    0,00    0,00    0,00    0,00  100,00
Durchschn.:   52    0,00    0,00    0,00    0,00    0,00    0,00    0,00    0,00    0,00  100,00
Durchschn.:   53    0,00    0,00    0,00    0,99    0,00    0,00    0,00    0,00    0,00   99,01
Durchschn.:   54    0,00    0,00    0,00    0,00    0,00    0,00    0,00    0,00    0,00  100,00
Durchschn.:   55    0,00    0,00    0,00    0,00    0,00    0,00    0,00    0,00    0,00  100,00
Durchschn.:   56    0,00    0,00    0,00    0,00    0,00    0,00    0,00    0,00    0,00  100,00
Durchschn.:   57    0,00    0,00    0,00    0,00    0,00    0,00    0,00    0,00    0,00  100,00
Durchschn.:   58    0,00    0,00    0,00    0,00    0,00    0,00    0,00    0,00    0,00  100,00
Durchschn.:   59    0,00    0,00    0,00    0,00    0,00    0,00    0,00    0,00    0,00  100,00
Durchschn.:   60    0,00    0,00    0,00    0,00    0,00    0,00    0,00    0,00    0,00  100,00
Durchschn.:   61    0,00    0,00    0,00    0,00    0,00    0,00    0,00    0,00    0,00  100,00
Durchschn.:   62    0,00    0,00    0,00    0,00    0,00    0,00    0,00    0,00    0,00  100,00
Durchschn.:   63    0,00    0,00    1,98    0,00    0,00    0,00    0,00    0,00    0,00   98,02
__________


Sa 2. Dez 20:27:51 CET 2023
k10temp-pci-00c3
Adapter: PCI adapter
Tctl:         +62.6°C  
Tccd1:        +62.8°C  
Tccd2:        +58.8°C  
Tccd3:        +60.2°C  
Tccd4:        +58.0°C  
Tccd5:        +58.0°C  
Tccd6:        +59.8°C  
Tccd7:        +59.0°C  
Tccd8:        +59.2°C  

nvme-pci-4300
Adapter: PCI adapter
Composite:    +28.9°C  (low  = -273.1°C, high = +71.8°C)
                       (crit = +75.8°C)
Sensor 1:     +37.9°C  (low  = -273.1°C, high = +65261.8°C)
Sensor 2:     +29.9°C  (low  = -273.1°C, high = +65261.8°C)

nvme-pci-4400
Adapter: PCI adapter
Composite:    +28.9°C  (low  = -273.1°C, high = +71.8°C)
                       (crit = +75.8°C)
Sensor 1:     +37.9°C  (low  = -273.1°C, high = +65261.8°C)
Sensor 2:     +29.9°C  (low  = -273.1°C, high = +65261.8°C)

Durchschn.:  CPU    %usr   %nice    %sys %iowait    %irq   %soft  %steal  %guest  %gnice   %idle
Durchschn.:  all    1,45    0,00    0,19    0,05    0,00    0,02    0,00    0,00    0,00   98,30
Durchschn.:    0    0,00    0,00    0,00    0,00    0,00    0,00    0,00    0,00    0,00  100,00
Durchschn.:    1   93,00    0,00    7,00    0,00    0,00    0,00    0,00    0,00    0,00    0,00
Durchschn.:    2    0,00    0,00    0,00    0,00    0,00    0,00    0,00    0,00    0,00  100,00
Durchschn.:    3    0,00    0,00    0,00    0,00    0,00    0,00    0,00    0,00    0,00  100,00
Durchschn.:    4    0,00    0,00    0,00    0,00    0,00    0,00    0,00    0,00    0,00  100,00
Durchschn.:    5    0,00    0,00    0,00    0,00    0,00    0,00    0,00    0,00    0,00  100,00
Durchschn.:    6    0,00    0,00    0,00    0,00    0,00    0,00    0,00    0,00    0,00  100,00
Durchschn.:    7    0,00    0,00    0,00    0,00    0,00    0,00    0,00    0,00    0,00  100,00
Durchschn.:    8    0,00    0,00    0,00    0,00    0,00    0,00    0,00    0,00    0,00  100,00
Durchschn.:    9    0,00    0,00    0,00    0,00    0,00    0,00    0,00    0,00    0,00  100,00
Durchschn.:   10    0,00    0,00    0,00    0,00    0,00    0,00    0,00    0,00    0,00  100,00
Durchschn.:   11    0,00    0,00    0,00    0,00    0,00    0,00    0,00    0,00    0,00  100,00
Durchschn.:   12    0,00    0,00    0,00    0,00    0,00    0,00    0,00    0,00    0,00  100,00
Durchschn.:   13    0,00    0,00    0,00    0,00    0,00    0,00    0,00    0,00    0,00  100,00
Durchschn.:   14    0,00    0,00    0,00    0,00    0,00    0,00    0,00    0,00    0,00  100,00
Durchschn.:   15    0,00    0,00    0,00    0,00    0,00    0,00    0,00    0,00    0,00  100,00
Durchschn.:   16    0,00    0,00    0,00    0,00    0,00    0,00    0,00    0,00    0,00  100,00
Durchschn.:   17    0,00    0,00    0,00    0,00    0,00    0,00    0,00    0,00    0,00  100,00
Durchschn.:   18    0,00    0,00    4,00    1,00    0,00    0,00    0,00    0,00    0,00   95,00
Durchschn.:   19    0,00    0,00    0,00    0,00    0,00    0,00    0,00    0,00    0,00  100,00
Durchschn.:   20    0,00    0,00    0,00    0,00    0,00    0,00    0,00    0,00    0,00  100,00
Durchschn.:   21    0,00    0,00    0,00    0,00    0,00    0,00    0,00    0,00    0,00  100,00
Durchschn.:   22    0,00    0,00    0,00    0,00    0,00    0,00    0,00    0,00    0,00  100,00
Durchschn.:   23    0,00    0,00    0,00    0,00    0,00    0,00    0,00    0,00    0,00  100,00
Durchschn.:   24    0,00    0,00    0,00    0,00    0,00    0,00    0,00    0,00    0,00  100,00
Durchschn.:   25    0,00    0,00    0,00    0,00    0,00    0,00    0,00    0,00    0,00  100,00
Durchschn.:   26    0,00    0,00    0,00    0,00    0,00    0,00    0,00    0,00    0,00  100,00
Durchschn.:   27    0,00    0,00    0,00    0,00    0,00    0,00    0,00    0,00    0,00  100,00
Durchschn.:   28    0,00    0,00    0,00    0,00    0,00    0,00    0,00    0,00    0,00  100,00
Durchschn.:   29    0,00    0,00    0,00    0,00    0,00    0,00    0,00    0,00    0,00  100,00
Durchschn.:   30    0,00    0,00    0,00    0,00    0,00    0,00    0,00    0,00    0,00  100,00
Durchschn.:   31    0,00    0,00    0,00    0,00    0,00    0,00    0,00    0,00    0,00  100,00
Durchschn.:   32    0,00    0,00    0,00    0,00    0,00    0,00    0,00    0,00    0,00  100,00
Durchschn.:   33    0,00    0,00    0,00    0,00    0,00    0,00    0,00    0,00    0,00  100,00
Durchschn.:   34    0,00    0,00    0,00    0,00    0,00    0,00    0,00    0,00    0,00  100,00
Durchschn.:   35    0,00    0,00    0,00    0,00    0,00    0,00    0,00    0,00    0,00  100,00
Durchschn.:   36    0,00    0,00    0,00    0,00    0,00    0,00    0,00    0,00    0,00  100,00
Durchschn.:   37    0,00    0,00    0,00    0,00    0,00    0,00    0,00    0,00    0,00  100,00
Durchschn.:   38    0,00    0,00    0,00    0,00    0,00    0,00    0,00    0,00    0,00  100,00
Durchschn.:   39    0,00    0,00    0,00    0,00    0,00    0,00    0,00    0,00    0,00  100,00
Durchschn.:   40    0,00    0,00    0,00    0,00    0,00    0,00    0,00    0,00    0,00  100,00
Durchschn.:   41    0,00    0,00    0,00    0,00    0,00    0,00    0,00    0,00    0,00  100,00
Durchschn.:   42    0,00    0,00    0,00    0,00    0,00    0,00    0,00    0,00    0,00  100,00
Durchschn.:   43    0,00    0,00    0,00    0,00    0,00    0,00    0,00    0,00    0,00  100,00
Durchschn.:   44    0,00    0,00    0,00    0,00    0,00    0,00    0,00    0,00    0,00  100,00
Durchschn.:   45    0,00    0,00    0,00    0,00    0,00    0,00    0,00    0,00    0,00  100,00
Durchschn.:   46    0,00    0,00    0,00    0,00    0,00    0,00    0,00    0,00    0,00  100,00
Durchschn.:   47    0,00    0,00    0,00    0,00    0,00    0,00    0,00    0,00    0,00  100,00
Durchschn.:   48    0,00    0,00    0,00    0,00    0,00    0,00    0,00    0,00    0,00  100,00
Durchschn.:   49    0,00    0,00    1,00    2,00    0,00    1,00    0,00    0,00    0,00   96,00
Durchschn.:   50    0,00    0,00    0,00    0,00    0,00    0,00    0,00    0,00    0,00  100,00
Durchschn.:   51    0,00    0,00    0,00    0,00    0,00    0,00    0,00    0,00    0,00  100,00
Durchschn.:   52    0,00    0,00    0,00    0,00    0,00    0,00    0,00    0,00    0,00  100,00
Durchschn.:   53    0,00    0,00    0,00    0,00    0,00    0,00    0,00    0,00    0,00  100,00
Durchschn.:   54    0,00    0,00    0,00    0,00    0,00    0,00    0,00    0,00    0,00  100,00
Durchschn.:   55    0,00    0,00    0,00    0,00    0,00    0,00    0,00    0,00    0,00  100,00
Durchschn.:   56    0,00    0,00    0,00    0,00    0,00    0,00    0,00    0,00    0,00  100,00
Durchschn.:   57    0,00    0,00    0,00    0,00    0,00    0,00    0,00    0,00    0,00  100,00
Durchschn.:   58    0,00    0,00    0,00    0,00    0,00    0,00    0,00    0,00    0,00  100,00
Durchschn.:   59    0,00    0,00    0,00    0,00    0,00    0,00    0,00    0,00    0,00  100,00
Durchschn.:   60    0,00    0,00    0,00    0,00    0,00    0,00    0,00    0,00    0,00  100,00
Durchschn.:   61    0,00    0,00    0,00    0,00    0,00    0,00    0,00    0,00    0,00  100,00
Durchschn.:   62    0,00    0,00    0,00    0,00    0,00    0,00    0,00    0,00    0,00  100,00
Durchschn.:   63    0,00    0,00    0,00    0,00    0,00    0,00    0,00    0,00    0,00  100,00
__________


Sa 2. Dez 20:27:52 CET 2023
k10temp-pci-00c3
Adapter: PCI adapter
Tctl:         +62.6°C  
Tccd1:        +63.0°C  
Tccd2:        +59.8°C  
Tccd3:        +60.8°C  
Tccd4:        +58.0°C  
Tccd5:        +58.2°C  
Tccd6:        +59.8°C  
Tccd7:        +59.0°C  
Tccd8:        +59.5°C  

nvme-pci-4300
Adapter: PCI adapter
Composite:    +28.9°C  (low  = -273.1°C, high = +71.8°C)
                       (crit = +75.8°C)
Sensor 1:     +37.9°C  (low  = -273.1°C, high = +65261.8°C)
Sensor 2:     +29.9°C  (low  = -273.1°C, high = +65261.8°C)

nvme-pci-4400
Adapter: PCI adapter
Composite:    +28.9°C  (low  = -273.1°C, high = +71.8°C)
                       (crit = +75.8°C)
Sensor 1:     +37.9°C  (low  = -273.1°C, high = +65261.8°C)
Sensor 2:     +29.9°C  (low  = -273.1°C, high = +65261.8°C)

Durchschn.:  CPU    %usr   %nice    %sys %iowait    %irq   %soft  %steal  %guest  %gnice   %idle
Durchschn.:  all    1,53    0,00    0,09    0,00    0,00    0,00    0,00    0,00    0,00   98,38
Durchschn.:    0    0,00    0,00    0,00    0,00    0,00    0,00    0,00    0,00    0,00  100,00
Durchschn.:    1   97,00    0,00    3,00    0,00    0,00    0,00    0,00    0,00    0,00    0,00
Durchschn.:    2    0,99    0,00    0,00    0,00    0,00    0,00    0,00    0,00    0,00   99,01
Durchschn.:    3    0,00    0,00    0,00    0,00    0,00    0,00    0,00    0,00    0,00  100,00
Durchschn.:    4    0,00    0,00    0,00    0,00    0,00    0,00    0,00    0,00    0,00  100,00
Durchschn.:    5    0,00    0,00    0,00    0,00    0,00    0,00    0,00    0,00    0,00  100,00
Durchschn.:    6    0,00    0,00    0,00    0,00    0,00    0,00    0,00    0,00    0,00  100,00
Durchschn.:    7    0,00    0,00    0,00    0,00    0,00    0,00    0,00    0,00    0,00  100,00
Durchschn.:    8    0,00    0,00    0,00    0,00    0,00    0,00    0,00    0,00    0,00  100,00
Durchschn.:    9    0,00    0,00    1,00    0,00    0,00    0,00    0,00    0,00    0,00   99,00
Durchschn.:   10    0,00    0,00    0,00    0,00    0,00    0,00    0,00    0,00    0,00  100,00
Durchschn.:   11    0,00    0,00    0,00    0,00    0,00    0,00    0,00    0,00    0,00  100,00
Durchschn.:   12    0,00    0,00    0,00    0,00    0,00    0,00    0,00    0,00    0,00  100,00
Durchschn.:   13    0,00    0,00    0,00    0,00    0,00    0,00    0,00    0,00    0,00  100,00
Durchschn.:   14    0,00    0,00    0,00    0,00    0,00    0,00    0,00    0,00    0,00  100,00
Durchschn.:   15    0,00    0,00    0,00    0,00    0,00    0,00    0,00    0,00    0,00  100,00
Durchschn.:   16    0,00    0,00    0,00    0,00    0,00    0,00    0,00    0,00    0,00  100,00
Durchschn.:   17    0,00    0,00    0,00    0,00    0,00    0,00    0,00    0,00    0,00  100,00
Durchschn.:   18    0,00    0,00    0,00    0,00    0,00    0,00    0,00    0,00    0,00  100,00
Durchschn.:   19    0,00    0,00    0,00    0,00    0,00    0,00    0,00    0,00    0,00  100,00
Durchschn.:   20    0,00    0,00    0,00    0,00    0,00    0,00    0,00    0,00    0,00  100,00
Durchschn.:   21    0,00    0,00    0,00    0,00    0,00    0,00    0,00    0,00    0,00  100,00
Durchschn.:   22    0,00    0,00    0,00    0,00    0,00    0,00    0,00    0,00    0,00  100,00
Durchschn.:   23    0,00    0,00    0,00    0,00    0,00    0,00    0,00    0,00    0,00  100,00
Durchschn.:   24    0,00    0,00    0,00    0,00    0,00    0,00    0,00    0,00    0,00  100,00
Durchschn.:   25    0,00    0,00    0,00    0,00    0,00    0,00    0,00    0,00    0,00  100,00
Durchschn.:   26    0,00    0,00    0,99    0,00    0,00    0,00    0,00    0,00    0,00   99,01
Durchschn.:   27    0,00    0,00    0,00    0,00    0,00    0,00    0,00    0,00    0,00  100,00
Durchschn.:   28    0,00    0,00    0,00    0,00    0,00    0,00    0,00    0,00    0,00  100,00
Durchschn.:   29    0,00    0,00    0,00    0,00    0,00    0,00    0,00    0,00    0,00  100,00
Durchschn.:   30    0,00    0,00    0,00    0,00    0,00    0,00    0,00    0,00    0,00  100,00
Durchschn.:   31    0,00    0,00    0,00    0,00    0,00    0,00    0,00    0,00    0,00  100,00
Durchschn.:   32    0,00    0,00    0,00    0,00    0,00    0,00    0,00    0,00    0,00  100,00
Durchschn.:   33    0,00    0,00    0,00    0,00    0,00    0,00    0,00    0,00    0,00  100,00
Durchschn.:   34    0,00    0,00    0,00    0,00    0,00    0,00    0,00    0,00    0,00  100,00
Durchschn.:   35    0,00    0,00    0,00    0,00    0,00    0,00    0,00    0,00    0,00  100,00
Durchschn.:   36    0,00    0,00    0,00    0,00    0,00    0,00    0,00    0,00    0,00  100,00
Durchschn.:   37    0,00    0,00    0,00    0,00    0,00    0,00    0,00    0,00    0,00  100,00
Durchschn.:   38    0,00    0,00    0,00    0,00    0,00    0,00    0,00    0,00    0,00  100,00
Durchschn.:   39    0,00    0,00    0,00    0,00    0,00    0,00    0,00    0,00    0,00  100,00
Durchschn.:   40    0,00    0,00    0,00    0,00    0,00    0,00    0,00    0,00    0,00  100,00
Durchschn.:   41    0,00    0,00    0,00    0,00    0,00    0,00    0,00    0,00    0,00  100,00
Durchschn.:   42    0,00    0,00    0,00    0,00    0,00    0,00    0,00    0,00    0,00  100,00
Durchschn.:   43    0,00    0,00    0,00    0,00    0,00    0,00    0,00    0,00    0,00  100,00
Durchschn.:   44    0,00    0,00    0,00    0,00    0,00    0,00    0,00    0,00    0,00  100,00
Durchschn.:   45    0,00    0,00    0,00    0,00    0,00    0,00    0,00    0,00    0,00  100,00
Durchschn.:   46    0,00    0,00    0,00    0,00    0,00    0,00    0,00    0,00    0,00  100,00
Durchschn.:   47    0,00    0,00    0,00    0,00    0,00    0,00    0,00    0,00    0,00  100,00
Durchschn.:   48    0,00    0,00    0,00    0,00    0,00    0,00    0,00    0,00    0,00  100,00
Durchschn.:   49    0,00    0,00    0,00    0,00    0,00    0,00    0,00    0,00    0,00  100,00
Durchschn.:   50    0,00    0,00    0,00    0,00    0,00    0,00    0,00    0,00    0,00  100,00
Durchschn.:   51    0,00    0,00    0,00    0,00    0,00    0,00    0,00    0,00    0,00  100,00
Durchschn.:   52    0,00    0,00    0,00    0,00    0,00    0,00    0,00    0,00    0,00  100,00
Durchschn.:   53    0,00    0,00    0,00    0,00    0,00    0,00    0,00    0,00    0,00  100,00
Durchschn.:   54    0,00    0,00    0,00    0,00    0,00    0,00    0,00    0,00    0,00  100,00
Durchschn.:   55    0,00    0,00    0,00    0,00    0,00    0,00    0,00    0,00    0,00  100,00
Durchschn.:   56    0,00    0,00    0,99    0,00    0,00    0,00    0,00    0,00    0,00   99,01
Durchschn.:   57    0,00    0,00    0,00    0,00    0,00    0,00    0,00    0,00    0,00  100,00
Durchschn.:   58    0,00    0,00    0,00    0,00    0,00    0,00    0,00    0,00    0,00  100,00
Durchschn.:   59    0,00    0,00    0,00    0,00    0,00    0,00    0,00    0,00    0,00  100,00
Durchschn.:   60    0,00    0,00    0,00    0,00    0,00    0,00    0,00    0,00    0,00  100,00
Durchschn.:   61    0,00    0,00    0,00    0,00    0,00    0,00    0,00    0,00    0,00  100,00
Durchschn.:   62    0,00    0,00    0,00    0,00    0,00    0,00    0,00    0,00    0,00  100,00
Durchschn.:   63    0,00    0,00    0,00    0,00    0,00    0,00    0,00    0,00    0,00  100,00
